
(4 val) Exercise 4 - Three agents, Limits
Init [30,40,109] Goal [63,61,70]
True True True True
2 1
[5, 20, 2] [5, 20, 2] [5, 20, 2]
870.2ms
[[[0, 0, 0], [30, 40, 109]], [[2, 2, 1], [69, 72, 100]], [[1, 0, 1], [63, 71, 69]], [[1, 0, 1], [69, 60, 63]], [[1, 0, 0], [63, 61, 70]]]
[30, 40, 109]
[30, 40, 109]
[[[0, 0, 0], [30, 40, 109]], [[2, 2, 1], [69, 72, 100]], [[1, 0, 1], [63, 71, 69]], [[1, 0, 1], [69, 60, 63]], [[1, 0, 0], [63, 61, 70]]]
path
[[[0, 0, 0], [30, 40, 109]], [[2, 2, 1], [69, 72, 100]], [[1, 0, 1], [63, 71, 69]], [[1, 0, 1], [69, 60, 63]], [[1, 0, 0], [63, 61, 70]]]
